tensor([[[9.9998e-05, 0.0000e+00, 9.9998e-05, 9.9995e-05, 9.9997e-05,
          0.0000e+00, 0.0000e+00, 0.0000e+00, 0.0000e+00, 9.9999e-05,
          9.9999e-05, 0.0000e+00, 9.9999e-05, 9.9999e-05, 9.9999e-05,
          9.9999e-05, 9.9997e-05, 0.0000e+00, 0.0000e+00, 9.9998e-05,
          0.0000e+00, 9.9999e-05, 9.9998e-05, 9.9998e-05, 0.0000e+00,
          0.0000e+00, 0.0000e+00, 9.9999e-05, 9.9998e-05, 0.0000e+00,
          9.9999e-05, 0.0000e+00, 9.9995e-05, 9.9996e-05, 9.9997e-05,
          0.0000e+00, 0.0000e+00, 0.0000e+00, 9.9992e-05, 9.9996e-05,
          0.0000e+00, 0.0000e+00, 9.9990e-05, 0.0000e+00, 0.0000e+00,
          9.9983e-05, 0.0000e+00, 9.9998e-05, 9.9984e-05, 9.9996e-05,
          0.0000e+00, 0.0000e+00, 0.0000e+00, 0.0000e+00, 0.0000e+00,
          0.0000e+00, 9.9997e-05, 0.0000e+00, 9.9999e-05, 0.0000e+00,
          9.9998e-05, 0.0000e+00, 0.0000e+00, 9.9999e-05],
         [6.9343e-02, 0.0000e+00, 3.1720e-01, 3.8935e-01, 4.6351e-01,
          0.0000e+00, 0.0000e+00, 0.0000e+00, 0.0000e+00, 6.5278e-02,
          0.0000e+00, 0.0000e+00, 0.0000e+00, 0.0000e+00, 0.0000e+00,
          0.0000e+00, 1.3101e-01, 6.8875e-01, 0.0000e+00, 0.0000e+00,
          4.3964e-01, 0.0000e+00, 3.4283e-01, 0.0000e+00, 0.0000e+00,
          0.0000e+00, 1.8374e-01, 8.5496e-01, 3.0054e-02, 7.4595e-01,
          1.8604e-01, 0.0000e+00, 0.0000e+00, 0.0000e+00, 3.4698e-01,
          0.0000e+00, 0.0000e+00, 0.0000e+00, 5.0168e-01, 0.0000e+00,
          0.0000e+00, 5.3694e-01, 5.5533e-01, 0.0000e+00, 0.0000e+00,
          5.8911e-02, 4.2764e-01, 0.0000e+00, 0.0000e+00, 0.0000e+00,
          1.0012e-01, 5.2053e-01, 0.0000e+00, 0.0000e+00, 0.0000e+00,
          0.0000e+00, 3.2138e-01, 6.5973e-02, 0.0000e+00, 5.1488e-01,
          6.7459e-01, 0.0000e+00, 5.7205e-01, 3.9174e-01],
         [0.0000e+00, 4.0480e-01, 1.1672e-02, 5.8267e-02, 0.0000e+00,
          6.8964e-01, 0.0000e+00, 0.0000e+00, 0.0000e+00, 0.0000e+00,
          7.6717e-01, 0.0000e+00, 4.7972e-01, 8.5465e-02, 5.5112e-01,
          0.0000e+00, 7.3862e-01, 1.8438e-01, 8.5387e-01, 0.0000e+00,
          0.0000e+00, 5.2123e-01, 3.5898e-02, 0.0000e+00, 0.0000e+00,
          0.0000e+00, 0.0000e+00, 6.5270e-01, 0.0000e+00, 6.6419e-01,
          1.6080e-01, 0.0000e+00, 6.6387e-01, 7.4916e-01, 0.0000e+00,
          0.0000e+00, 0.0000e+00, 5.1826e-01, 3.8627e-01, 4.0591e-01,
          3.6663e-01, 5.3526e-02, 1.8025e-01, 5.2169e-01, 8.4972e-01,
          0.0000e+00, 0.0000e+00, 5.0959e-01, 1.1274e-01, 0.0000e+00,
          0.0000e+00, 0.0000e+00, 0.0000e+00, 0.0000e+00, 0.0000e+00,
          0.0000e+00, 1.3874e+00, 0.0000e+00, 1.0731e-01, 4.8246e-01,
          6.0379e-01, 0.0000e+00, 8.8232e-01, 0.0000e+00],
         [0.0000e+00, 8.5965e-01, 0.0000e+00, 0.0000e+00, 0.0000e+00,
          1.2336e+00, 0.0000e+00, 0.0000e+00, 1.7231e-01, 0.0000e+00,
          8.8855e-01, 2.1578e-01, 9.2138e-01, 1.5017e-01, 1.0850e+00,
          2.1360e-01, 5.9490e-01, 0.0000e+00, 1.3910e+00, 2.9130e-01,
          0.0000e+00, 5.9463e-01, 0.0000e+00, 1.1232e-02, 0.0000e+00,
          1.1589e-01, 0.0000e+00, 0.0000e+00, 0.0000e+00, 0.0000e+00,
          0.0000e+00, 0.0000e+00, 8.9275e-01, 1.5134e+00, 0.0000e+00,
          0.0000e+00, 0.0000e+00, 1.0139e+00, 0.0000e+00, 7.3631e-01,
          5.0638e-01, 0.0000e+00, 0.0000e+00, 6.5824e-01, 1.2961e+00,
          0.0000e+00, 0.0000e+00, 8.9650e-01, 7.4518e-01, 1.3157e-01,
          0.0000e+00, 0.0000e+00, 6.1286e-01, 7.4480e-03, 1.7545e-02,
          0.0000e+00, 1.0351e+00, 0.0000e+00, 2.3854e-01, 0.0000e+00,
          0.0000e+00, 3.8829e-01, 2.5646e-01, 0.0000e+00],
         [4.0223e-01, 0.0000e+00, 2.9074e-01, 3.1898e-01, 5.8255e-01,
          0.0000e+00, 3.1757e-01, 3.9143e-01, 0.0000e+00, 1.4557e-01,
          0.0000e+00, 0.0000e+00, 0.0000e+00, 0.0000e+00, 0.0000e+00,
          0.0000e+00, 0.0000e+00, 4.9395e-01, 0.0000e+00, 0.0000e+00,
          8.0492e-01, 0.0000e+00, 2.9416e-01, 0.0000e+00, 8.6752e-01,
          0.0000e+00, 4.2545e-01, 2.4809e-01, 7.5732e-02, 1.3466e-01,
          3.7875e-02, 9.0710e-02, 0.0000e+00, 0.0000e+00, 6.1381e-01,
          1.8282e-01, 3.0684e-02, 0.0000e+00, 1.4279e-01, 0.0000e+00,
          0.0000e+00, 4.6281e-01, 3.7121e-01, 0.0000e+00, 0.0000e+00,
          9.2286e-01, 7.2454e-01, 0.0000e+00, 0.0000e+00, 0.0000e+00,
          2.2248e-01, 5.9208e-01, 0.0000e+00, 0.0000e+00, 0.0000e+00,
          3.5256e-01, 0.0000e+00, 2.3633e-01, 0.0000e+00, 7.2221e-02,
          1.1923e-01, 0.0000e+00, 0.0000e+00, 4.6502e-01],
         [0.0000e+00, 7.2005e-01, 0.0000e+00, 0.0000e+00, 0.0000e+00,
          9.4941e-01, 0.0000e+00, 4.4665e-01, 3.4178e-01, 0.0000e+00,
          4.7552e-01, 7.3992e-01, 7.3652e-01, 1.1447e-01, 8.7796e-01,
          5.7668e-01, 1.4494e-01, 0.0000e+00, 1.0118e+00, 4.3300e-01,
          0.0000e+00, 3.1220e-01, 0.0000e+00, 4.6817e-01, 0.0000e+00,
          3.8926e-01, 0.0000e+00, 0.0000e+00, 0.0000e+00, 0.0000e+00,
          0.0000e+00, 3.3313e-01, 5.6019e-01, 1.2397e+00, 0.0000e+00,
          0.0000e+00, 1.5552e-01, 8.1784e-01, 0.0000e+00, 5.7122e-01,
          3.2531e-01, 0.0000e+00, 0.0000e+00, 3.8811e-01, 9.0115e-01,
          0.0000e+00, 0.0000e+00, 6.8362e-01, 8.0787e-01, 9.3558e-01,
          0.0000e+00, 0.0000e+00, 8.9634e-01, 4.1863e-01, 2.0888e-01,
          0.0000e+00, 1.7334e-01, 0.0000e+00, 2.0375e-01, 0.0000e+00,
          0.0000e+00, 8.1481e-01, 0.0000e+00, 0.0000e+00],
         [2.7468e-01, 0.0000e+00, 0.0000e+00, 0.0000e+00, 7.0297e-02,
          0.0000e+00, 2.8362e-01, 1.0167e+00, 1.6041e-01, 6.3233e-02,
          0.0000e+00, 5.3291e-01, 0.0000e+00, 0.0000e+00, 0.0000e+00,
          3.6195e-01, 0.0000e+00, 0.0000e+00, 0.0000e+00, 1.1736e-01,
          2.7799e-01, 0.0000e+00, 0.0000e+00, 4.8519e-01, 1.0388e+00,
          2.7751e-01, 1.9075e-01, 0.0000e+00, 3.6473e-02, 0.0000e+00,
          0.0000e+00, 4.8225e-01, 0.0000e+00, 0.0000e+00, 2.0160e-01,
          1.9166e-01, 2.0921e-01, 0.0000e+00, 0.0000e+00, 0.0000e+00,
          0.0000e+00, 0.0000e+00, 0.0000e+00, 0.0000e+00, 0.0000e+00,
          7.2045e-01, 2.2144e-01, 0.0000e+00, 0.0000e+00, 8.4075e-01,
          9.6057e-02, 2.6642e-02, 2.3096e-01, 4.3670e-01, 2.0153e-01,
          3.6679e-01, 0.0000e+00, 1.3847e-01, 0.0000e+00, 0.0000e+00,
          0.0000e+00, 4.0911e-01, 0.0000e+00, 3.6522e-02]]
