tensor([[-0.0133, -0.0354, -0.0111, -0.0137, -0.0199, -0.0512, -0.0107, -0.0331,
         -0.0120, -0.0049, -0.0380, -0.0266, -0.0381, -0.0062, -0.0448, -0.0206,
         -0.0287, -0.0244, -0.0580, -0.0150, -0.0272, -0.0255, -0.0120, -0.0172,
         -0.0340, -0.0140, -0.0143, -0.0313, -0.0025, -0.0276, -0.0069, -0.0162,
         -0.0378, -0.0623, -0.0207, -0.0067, -0.0071, -0.0419, -0.0184, -0.0306,
         -0.0214, -0.0188, -0.0197, -0.0280, -0.0543, -0.0304, -0.0245, -0.0373,
         -0.0297, -0.0340, -0.0075, -0.0203, -0.0310, -0.0154, -0.0076, -0.0128,
         -0.0520, -0.0079, -0.0098, -0.0191, -0.0249, -0.0288, -0.0305, -0.0159],
        [-0.0047, -0.0354,  0.0286,  0.0350,  0.0380, -0.0512, -0.0107, -0.0331,
         -0.0120,  0.0033, -0.0380, -0.0266, -0.0381, -0.0063, -0.0448, -0.0206,
         -0.0124,  0.0616, -0.0580, -0.0150,  0.0277, -0.0255,  0.0308, -0.0172,
         -0.0340, -0.0140,  0.0087,  0.0755,  0.0012,  0.0656,  0.0164, -0.0162,
         -0.0378, -0.0624,  0.0226, -0.0067, -0.0071, -0.0419,  0.0443, -0.0306,
         -0.0214,  0.0483,  0.0496, -0.0280, -0.0543, -0.0230,  0.0289, -0.0373,
         -0.0297, -0.0340,  0.0050,  0.0447, -0.0310, -0.0154, -0.0076, -0.0128,
         -0.0119,  0.0004, -0.0098,  0.0452,  0.0593, -0.0288,  0.0409,  0.0330],
        [-0.0133,  0.0151, -0.0096, -0.0064, -0.0199,  0.0348, -0.0107, -0.0331,
         -0.0120, -0.0049,  0.0578, -0.0266,  0.0218,  0.0044,  0.0240, -0.0206,
          0.0635, -0.0014,  0.0485, -0.0150, -0.0272,  0.0396, -0.0075, -0.0172,
         -0.0340, -0.0140, -0.0143,  0.0502, -0.0025,  0.0554,  0.0132, -0.0162,
          0.0451,  0.0310, -0.0208, -0.0067, -0.0071,  0.0228,  0.0299,  0.0201,
          0.0244, -0.0121,  0.0028,  0.0372,  0.0517, -0.0304, -0.0245,  0.0264,
         -0.0156, -0.0340, -0.0075, -0.0203, -0.0310, -0.0154, -0.0076, -0.0128,
          0.1211, -0.0079,  0.0036,  0.0412,  0.0505, -0.0288,  0.0797, -0.0159],
        [-0.0133,  0.0719, -0.0111, -0.0137, -0.0199,  0.1027, -0.0107, -0.0331,
          0.0095, -0.0049,  0.0729,  0.0004,  0.0769,  0.0125,  0.0906,  0.0061,
          0.0456, -0.0244,  0.1154,  0.0214, -0.0272,  0.0488, -0.0120, -0.0158,
         -0.0340,  0.0005, -0.0143, -0.0313, -0.0025, -0.0276, -0.0069, -0.0162,
          0.0737,  0.1263, -0.0208, -0.0067, -0.0071,  0.0847, -0.0184,  0.0614,
          0.0419, -0.0188, -0.0198,  0.0542,  0.1074, -0.0304, -0.0245,  0.0747,
          0.0633, -0.0176, -0.0075, -0.0203,  0.0455, -0.0145, -0.0054, -0.0128,
          0.0771, -0.0079,  0.0200, -0.0191, -0.0249,  0.0197,  0.0015, -0.0159],
        [ 0.0369, -0.0354,  0.0253,  0.0262,  0.0529, -0.0512,  0.0290,  0.0158,
         -0.0120,  0.0133, -0.0380, -0.0266, -0.0381, -0.0063, -0.0448, -0.0206,
         -0.0287,  0.0373, -0.0580, -0.0150,  0.0734, -0.0255,  0.0247, -0.0172,
          0.0743, -0.0140,  0.0389, -0.0003,  0.0069, -0.0107, -0.0021, -0.0048,
         -0.0378, -0.0624,  0.0559,  0.0162, -0.0032, -0.0419, -0.0006, -0.0306,
         -0.0214,  0.0390,  0.0266, -0.0280, -0.0543,  0.0849,  0.0660, -0.0373,
         -0.0297, -0.0340,  0.0203,  0.0536, -0.0310, -0.0154, -0.0076,  0.0312,
         -0.0520,  0.0217, -0.0098, -0.0101, -0.0100, -0.0288, -0.0305,  0.0422],
        [-0.0133,  0.0545, -0.0111, -0.0137, -0.0199,  0.0672, -0.0107,  0.0227,
          0.0307, -0.0049,  0.0214,  0.0659,  0.0538,  0.0081,  0.0648,  0.0515,
         -0.0106, -0.0244,  0.0682,  0.0391, -0.0272,  0.0135, -0.0120,  0.0413,
         -0.0340,  0.0347, -0.0143, -0.0313, -0.0025, -0.0276, -0.0069,  0.0255,
          0.0322,  0.0921, -0.0208, -0.0067,  0.0124,  0.0602, -0.0184,  0.0408,
          0.0193, -0.0188, -0.0198,  0.0205,  0.0581, -0.0304, -0.0245,  0.0481,
          0.0712,  0.0828, -0.0075, -0.0203,  0.0809,  0.0369,  0.0185, -0.0128,
         -0.0304, -0.0079,  0.0157, -0.0191, -0.0249,  0.0730, -0.0305, -0.0159],
        [ 0.0210, -0.0354, -0.0111, -0.0137, -0.0111, -0.0512,  0.0247,  0.0939,
          0.0080,  0.0030, -0.0380,  0.0400, -0.0381, -0.0063, -0.0448,  0.0247,
         -0.0287, -0.0244, -0.0580, -0.0004,  0.0076, -0.0255, -0.0120,  0.0434,
          0.0957,  0.0207,  0.0096, -0.0313,  0.0020, -0.0276, -0.0069,  0.0441,
         -0.0378, -0.0624,  0.0044,  0.0173,  0.0191, -0.0419, -0.0184, -0.0306,
         -0.0214, -0.0188, -0.0198, -0.0280, -0.0543,  0.0596,  0.0031, -0.0373,
         -0.0297,  0.0709,  0.0045, -0.0170, -0.0022,  0.0392,  0.0175,  0.0330,
         -0.0520,  0.0094, -0.0098, -0.0191, -0.0249,  0.0223, -0.0305, -0.0114]],
       grad_fn=<AddBackward0>)

